level
aantal planeten, (int x), (int y), (int straal)
aantal satellieten, (double hoeksnelheid), (Planeet planeet), (double afstand_tot_planeet), (double beginhoek), (int straal)
Hole: Planeet planeet, double theta
Vector startpos
int par

L1
1,900,320,150
0
0,-0.78
300,350
1

L2
2,700,900,450,250,100,110
1,5,0,40,0,15
1,1.2
300,350
1

L3
3,500,710,900,450,240,450,100,100,60
3,4,4,4,0,1,1,40,40,40,3.14,3.14,0,15,15,15
2,-1.57
200,350
2

L4
8,450,400,510,470,390,800,1100,1050,590,430,470,330,210,330,200,550,70,40,45,60,45,100,130,80
2,4.5,4,5,6,40,40,3.14,3.14,15,15
7,-2.5
150,350
2

L5
11,100,255,120,340,190,425,260,330,400,570,500,100,120,255,190,340,260,425,510,595,445,100,100,50,50,50,50,50,50,50,50,100,75
3,4,4,4,9,9,9,40,40,40,0,2.09,-2.09,15,15,15
10,-2.35
200,200
2

L6
8,330,330,600,600,870,870,1180,735,485,215,485,215,485,215,350,350,80,80,80,80,80,80,120,30
20,5,5,5,5,5,5,5,5,5,5,5,5,5,5,5,5,5,5,5,5,0,1,2,3,4,4,5,5,6,6,6,6,6,6,6,6,6,6,6,6,40,40,40,40,40,40,40,40,40,40,40,40,40,40,40,40,40,40,40,40,-1.57,1.57,1.57,-1.57,1.57,-1.57,1.57,-1.57,0,0.45,0.9,1.35,1.8,2.25,2.7,-0.45,-0.9,-1.35,-1.8,-2.25,15,15,15,15,15,15,15,15,15,15,15,15,15,15,15,15,15,15,15,15
6,3.14
150,350
2